2 1 240 792 129 285 -1 -1 -1 -1 
2 2 1603 612 112 251 -1 -1 -1 -1 
2 3 804 235 59 188 -1 -1 -1 -1 
2 4 1648 114 65 167 -1 -1 -1 -1 
2 5 1801 179 69 171 -1 -1 -1 -1 
2 6 866 393 109 199 -1 -1 -1 -1 
2 7 720 230 73 185 -1 -1 -1 -1 
2 8 872 473 148 171 -1 -1 -1 -1 
2 9 1572 914 146 162 -1 -1 -1 -1 
2 10 882 76 60 154 -1 -1 -1 -1 
2 11 1452 32 93 156 -1 -1 -1 -1 
2 12 268 248 109 235 -1 -1 -1 -1 
2 13 1352 12 52 122 -1 -1 -1 -1 
2 14 985 0 51 126 -1 -1 -1 -1 
2 15 1158 1 35 74 -1 -1 -1 -1 
2 16 616 1000 145 79 -1 -1 -1 -1 
2 17 1351 75 46 71 -1 -1 -1 -1 
2 18 1499 97 45 96 -1 -1 -1 -1 
2 19 1248 633 120 172 -1 -1 -1 -1 
2 21 617 78 82 115 -1 -1 -1 -1 
3 1 239 792 129 285 -1 -1 -1 -1 
3 2 1603 612 112 251 -1 -1 -1 -1 
3 3 804 235 59 188 -1 -1 -1 -1 
3 4 1648 114 65 167 -1 -1 -1 -1 
3 5 1802 179 68 171 -1 -1 -1 -1 
3 6 865 393 110 199 -1 -1 -1 -1 
3 7 720 230 74 185 -1 -1 -1 -1 
3 8 872 473 148 171 -1 -1 -1 -1 
3 9 1572 914 147 162 -1 -1 -1 -1 
3 10 883 76 59 154 -1 -1 -1 -1 
3 11 1452 32 94 156 -1 -1 -1 -1 
3 12 268 246 109 237 -1 -1 -1 -1 
3 13 1352 12 53 122 -1 -1 -1 -1 
3 14 985 0 51 126 -1 -1 -1 -1 
3 15 1158 1 35 74 -1 -1 -1 -1 
3 16 616 1000 145 79 -1 -1 -1 -1 
3 17 1351 75 46 71 -1 -1 -1 -1 
3 18 1498 97 46 96 -1 -1 -1 -1 
3 19 1248 633 120 172 -1 -1 -1 -1 
3 21 617 78 82 115 -1 -1 -1 -1 
4 1 232 793 127 285 -1 -1 -1 -1 
4 2 1603 614 111 251 -1 -1 -1 -1 
4 3 807 235 58 188 -1 -1 -1 -1 
4 4 1648 114 64 167 -1 -1 -1 -1 
4 5 1804 179 66 165 -1 -1 -1 -1 
4 6 864 396 108 196 -1 -1 -1 -1 
4 7 721 228 73 184 -1 -1 -1 -1 
4 8 870 475 148 171 -1 -1 -1 -1 
4 9 1576 919 143 157 -1 -1 -1 -1 
4 10 884 77 58 151 -1 -1 -1 -1 
4 11 1452 31 94 158 -1 -1 -1 -1 
4 12 269 254 106 234 -1 -1 -1 -1 
4 13 1356 11 52 121 -1 -1 -1 -1 
4 14 987 0 52 126 -1 -1 -1 -1 
4 15 1157 1 35 74 -1 -1 -1 -1 
4 16 619 998 147 81 -1 -1 -1 -1 
4 17 1354 73 47 73 -1 -1 -1 -1 
4 18 1497 97 46 96 -1 -1 -1 -1 
4 19 1248 633 120 172 -1 -1 -1 -1 
4 21 617 78 82 115 -1 -1 -1 -1 
5 1 224 799 123 277 -1 -1 -1 -1 
5 2 1603 616 111 248 -1 -1 -1 -1 
5 3 810 237 57 184 -1 -1 -1 -1 
5 4 1648 117 64 163 -1 -1 -1 -1 
5 5 1805 178 65 162 -1 -1 -1 -1 
5 6 853 395 121 221 -1 -1 -1 -1 
5 7 723 224 74 186 -1 -1 -1 -1 
5 8 865 479 146 168 -1 -1 -1 -1 
5 9 1580 923 141 155 -1 -1 -1 -1 
5 10 885 75 58 153 -1 -1 -1 -1 
5 11 1452 31 94 158 -1 -1 -1 -1 
5 12 259 242 112 248 -1 -1 -1 -1 
5 13 1359 10 53 122 -1 -1 -1 -1 
5 14 989 0 51 125 -1 -1 -1 -1 
5 15 1156 1 36 75 -1 -1 -1 -1 
5 16 625 994 154 85 -1 -1 -1 -1 
5 17 1358 70 48 74 -1 -1 -1 -1 
5 18 1497 95 47 98 -1 -1 -1 -1 
5 19 1248 633 121 172 -1 -1 -1 -1 
5 21 617 77 83 116 -1 -1 -1 -1 
6 1 219 806 120 270 -1 -1 -1 -1 
6 2 1602 617 112 249 -1 -1 -1 -1 
6 3 814 236 59 184 -1 -1 -1 -1 
6 4 1647 117 64 165 -1 -1 -1 -1 
6 5 1806 177 65 162 -1 -1 -1 -1 
6 6 850 396 121 223 -1 -1 -1 -1 
6 7 725 221 74 186 -1 -1 -1 -1 
6 8 857 482 147 169 -1 -1 -1 -1 
6 9 1583 929 138 150 -1 -1 -1 -1 
6 10 886 71 60 157 -1 -1 -1 -1 
6 11 1453 32 93 155 -1 -1 -1 -1 
6 12 259 267 102 225 -1 -1 -1 -1 
6 13 1362 9 54 124 -1 -1 -1 -1 
6 14 990 0 52 125 -1 -1 -1 -1 
6 15 1155 1 36 75 -1 -1 -1 -1 
6 16 628 988 164 91 -1 -1 -1 -1 
6 17 1361 60 53 82 -1 -1 -1 -1 
6 18 1498 95 46 96 -1 -1 -1 -1 
6 19 1248 633 121 172 -1 -1 -1 -1 
7 1 216 815 115 261 -1 -1 -1 -1 
7 2 1600 619 114 254 -1 -1 -1 -1 
7 3 818 236 58 184 -1 -1 -1 -1 
7 4 1647 116 65 166 -1 -1 -1 -1 
7 5 1806 175 67 164 -1 -1 -1 -1 
7 6 847 399 120 222 -1 -1 -1 -1 
7 7 728 220 74 184 -1 -1 -1 -1 
7 8 852 486 146 167 -1 -1 -1 -1 
7 9 1589 936 133 143 -1 -1 -1 -1 
7 10 888 68 61 162 -1 -1 -1 -1 
7 11 1454 32 92 153 -1 -1 -1 -1 
7 12 256 283 95 211 -1 -1 -1 -1 
7 13 1367 8 54 122 -1 -1 -1 -1 
7 14 992 0 51 123 -1 -1 -1 -1 
7 15 1155 1 35 74 -1 -1 -1 -1 
7 16 627 982 174 97 -1 -1 -1 -1 
7 17 1365 55 54 84 -1 -1 -1 -1 
7 18 1498 95 46 96 -1 -1 -1 -1 
7 19 1248 632 121 173 -1 -1 -1 -1 
7 21 617 77 82 116 -1 -1 -1 -1 
8 1 210 824 113 253 -1 -1 -1 -1 
8 2 1599 622 118 263 -1 -1 -1 -1 
8 3 820 235 59 183 -1 -1 -1 -1 
8 4 1647 112 65 168 -1 -1 -1 -1 
8 5 1807 175 68 164 -1 -1 -1 -1 
8 6 840 402 120 224 -1 -1 -1 -1 
8 7 731 218 75 186 -1 -1 -1 -1 
8 8 847 487 148 169 -1 -1 -1 -1 
8 9 1592 941 129 138 -1 -1 -1 -1 
8 10 889 66 62 165 -1 -1 -1 -1 
8 11 1456 33 90 150 -1 -1 -1 -1 
8 12 255 300 90 196 -1 -1 -1 -1 
8 13 1374 6 51 115 -1 -1 -1 -1 
8 14 993 0 52 122 -1 -1 -1 -1 
8 15 1153 0 36 76 -1 -1 -1 -1 
8 16 629 977 181 102 -1 -1 -1 -1 
8 17 1369 53 53 82 -1 -1 -1 -1 
8 19 1248 632 121 173 -1 -1 -1 -1 
8 21 617 77 82 116 -1 -1 -1 -1 
8 22 1326 0 25 42 -1 -1 -1 -1 
8 24 307 222 72 190 -1 -1 -1 -1 
9 1 208 827 112 250 -1 -1 -1 -1 
9 2 1598 623 120 267 -1 -1 -1 -1 
9 3 821 235 59 182 -1 -1 -1 -1 
9 4 1646 110 67 170 -1 -1 -1 -1 
9 5 1807 174 69 166 -1 -1 -1 -1 
9 6 838 404 119 225 -1 -1 -1 -1 
9 7 732 217 75 188 -1 -1 -1 -1 
9 8 845 487 150 170 -1 -1 -1 -1 
9 9 1593 943 128 136 -1 -1 -1 -1 
9 10 890 65 61 164 -1 -1 -1 -1 
9 11 1456 33 90 149 -1 -1 -1 -1 
9 12 255 304 89 192 -1 -1 -1 -1 
9 13 1376 6 50 112 -1 -1 -1 -1 
9 14 993 0 52 122 -1 -1 -1 -1 
9 15 1152 0 37 76 -1 -1 -1 -1 
9 16 631 975 182 104 -1 -1 -1 -1 
9 17 1371 52 52 82 -1 -1 -1 -1 
9 19 1248 631 121 173 -1 -1 -1 -1 
9 21 617 77 82 116 -1 -1 -1 -1 
9 22 1327 0 24 41 -1 -1 -1 -1 
9 24 307 219 72 193 -1 -1 -1 -1 
10 1 206 831 111 247 -1 -1 -1 -1 
10 2 1597 626 123 273 -1 -1 -1 -1 
10 3 822 232 60 183 -1 -1 -1 -1 
10 4 1646 109 66 170 -1 -1 -1 -1 
10 5 1808 174 70 165 -1 -1 -1 -1 
10 6 835 407 118 224 -1 -1 -1 -1 
10 7 735 214 75 188 -1 -1 -1 -1 
10 8 845 493 146 165 -1 -1 -1 -1 
10 9 1596 946 125 133 -1 -1 -1 -1 
10 10 892 64 61 165 -1 -1 -1 -1 
10 11 1457 30 89 151 -1 -1 -1 -1 
10 12 253 316 84 180 -1 -1 -1 -1 
10 13 1380 5 50 113 -1 -1 -1 -1 
10 14 995 0 52 122 -1 -1 -1 -1 
10 15 1151 0 37 77 -1 -1 -1 -1 
10 16 635 973 182 106 -1 -1 -1 -1 
10 17 1373 49 54 84 -1 -1 -1 -1 
10 19 1248 631 121 174 -1 -1 -1 -1 
10 21 617 77 82 116 -1 -1 -1 -1 
10 22 1327 0 25 41 -1 -1 -1 -1 
10 24 307 209 75 202 -1 -1 -1 -1 
11 1 203 838 108 238 -1 -1 -1 -1 
11 2 1597 629 124 276 -1 -1 -1 -1 
11 3 824 230 60 183 -1 -1 -1 -1 
11 4 1646 108 66 169 -1 -1 -1 -1 
11 5 1808 174 70 164 -1 -1 -1 -1 
11 6 833 410 117 225 -1 -1 -1 -1 
11 7 737 212 76 189 -1 -1 -1 -1 
11 8 842 497 146 164 -1 -1 -1 -1 
11 10 894 64 61 165 -1 -1 -1 -1 
11 11 1459 28 86 147 -1 -1 -1 -1 
11 12 240 311 86 187 -1 -1 -1 -1 
11 13 1384 3 49 110 -1 -1 -1 -1 
11 14 996 0 52 121 -1 -1 -1 -1 
11 15 1150 0 37 78 -1 -1 -1 -1 
11 16 637 968 188 111 -1 -1 -1 -1 
11 17 1379 49 52 80 -1 -1 -1 -1 
11 19 1248 631 121 174 -1 -1 -1 -1 
11 24 309 210 76 201 -1 -1 -1 -1 
12 1 197 843 106 232 -1 -1 -1 -1 
12 2 1598 634 124 275 -1 -1 -1 -1 
12 3 828 227 60 183 -1 -1 -1 -1 
12 4 1646 107 65 167 -1 -1 -1 -1 
12 5 1808 173 71 164 -1 -1 -1 -1 
12 6 829 414 115 221 -1 -1 -1 -1 
12 7 740 211 77 190 -1 -1 -1 -1 
12 8 840 501 147 164 -1 -1 -1 -1 
12 10 896 66 61 161 -1 -1 -1 -1 
12 11 1461 26 85 147 -1 -1 -1 -1 
12 12 235 315 83 184 -1 -1 -1 -1 
12 13 1388 1 48 107 -1 -1 -1 -1 
12 14 998 0 52 121 -1 -1 -1 -1 
12 15 1147 0 38 78 -1 -1 -1 -1 
12 16 637 962 194 117 -1 -1 -1 -1 
12 17 1384 52 49 76 -1 -1 -1 -1 
12 19 1248 631 121 174 -1 -1 -1 -1 
12 24 314 211 75 200 -1 -1 -1 -1 
12 27 1651 754 70 74 -1 -1 -1 -1 
13 1 195 845 105 230 -1 -1 -1 -1 
13 2 1598 637 124 274 -1 -1 -1 -1 
13 3 830 226 59 182 -1 -1 -1 -1 
13 4 1647 106 64 167 -1 -1 -1 -1 
13 5 1808 172 72 165 -1 -1 -1 -1 
13 6 828 415 114 219 -1 -1 -1 -1 
13 7 740 211 78 190 -1 -1 -1 -1 
13 8 839 502 147 164 -1 -1 -1 -1 
13 10 897 67 61 160 -1 -1 -1 -1 
13 11 1462 25 84 147 -1 -1 -1 -1 
13 12 233 316 83 183 -1 -1 -1 -1 
13 13 1389 0 48 107 -1 -1 -1 -1 
13 14 999 0 52 121 -1 -1 -1 -1 
13 15 1146 0 39 78 -1 -1 -1 -1 
13 16 638 960 194 119 -1 -1 -1 -1 
13 17 1385 53 48 75 -1 -1 -1 -1 
13 18 1472 34 71 146 -1 -1 -1 -1 
13 19 1248 631 121 174 -1 -1 -1 -1 
13 24 315 212 75 199 -1 -1 -1 -1 
13 27 1651 755 71 75 -1 -1 -1 -1 
14 1 189 849 104 226 -1 -1 -1 -1 
14 2 1601 642 121 267 -1 -1 -1 -1 
14 3 833 225 59 180 -1 -1 -1 -1 
14 4 1646 106 65 166 -1 -1 -1 -1 
14 5 1809 172 72 165 -1 -1 -1 -1 
14 6 825 417 113 219 -1 -1 -1 -1 
14 7 742 211 77 189 -1 -1 -1 -1 
14 8 837 501 149 167 -1 -1 -1 -1 
14 10 898 66 61 160 -1 -1 -1 -1 
14 11 1462 24 85 149 -1 -1 -1 -1 
14 12 214 261 105 239 -1 -1 -1 -1 
14 13 1391 0 49 107 -1 -1 -1 -1 
14 14 1000 0 52 121 -1 -1 -1 -1 
14 15 1145 0 39 80 -1 -1 -1 -1 
14 16 641 956 195 123 -1 -1 -1 -1 
14 17 1388 52 48 74 -1 -1 -1 -1 
14 18 1469 28 73 151 -1 -1 -1 -1 
14 19 1248 632 121 173 -1 -1 -1 -1 
14 24 319 204 78 208 -1 -1 -1 -1 
14 27 1651 756 72 76 -1 -1 -1 -1 
15 1 188 851 103 224 -1 -1 -1 -1 
15 2 1602 644 120 264 -1 -1 -1 -1 
15 3 834 225 59 179 -1 -1 -1 -1 
15 4 1646 105 66 167 -1 -1 -1 -1 
15 5 1809 172 73 165 -1 -1 -1 -1 
15 6 825 417 112 220 -1 -1 -1 -1 
15 7 743 212 77 188 -1 -1 -1 -1 
15 8 837 501 149 167 -1 -1 -1 -1 
15 10 898 65 61 160 -1 -1 -1 -1 
15 11 1462 23 85 151 -1 -1 -1 -1 
15 12 209 243 110 257 -1 -1 -1 -1 
15 13 1392 0 49 106 -1 -1 -1 -1 
15 14 1001 0 52 121 -1 -1 -1 -1 
15 15 1145 0 39 80 -1 -1 -1 -1 
15 16 643 954 193 125 -1 -1 -1 -1 
15 19 1249 632 119 173 -1 -1 -1 -1 
15 24 320 201 79 211 -1 -1 -1 -1 
16 1 181 853 102 222 -1 -1 -1 -1 
16 2 1604 648 119 260 -1 -1 -1 -1 
16 3 838 225 58 178 -1 -1 -1 -1 
16 4 1646 106 65 165 -1 -1 -1 -1 
16 5 1808 172 74 165 -1 -1 -1 -1 
16 6 823 419 112 219 -1 -1 -1 -1 
16 7 745 213 75 182 -1 -1 -1 -1 
16 8 837 504 149 169 -1 -1 -1 -1 
16 10 899 65 62 162 -1 -1 -1 -1 
16 11 1462 22 85 153 -1 -1 -1 -1 
16 12 203 227 112 273 -1 -1 -1 -1 
16 13 1395 0 49 105 -1 -1 -1 -1 
16 14 1004 0 51 120 -1 -1 -1 -1 
16 15 1144 0 40 81 -1 -1 -1 -1 
16 16 644 951 195 128 -1 -1 -1 -1 
16 19 1249 632 119 173 -1 -1 -1 -1 
16 21 618 78 81 115 -1 -1 -1 -1 
16 22 1326 0 25 40 -1 -1 -1 -1 
16 24 324 209 75 202 -1 -1 -1 -1 
17 1 173 856 100 219 -1 -1 -1 -1 
17 2 1606 653 119 260 -1 -1 -1 -1 
17 3 839 222 59 181 -1 -1 -1 -1 
17 4 1647 105 64 163 -1 -1 -1 -1 
17 5 1808 171 75 166 -1 -1 -1 -1 
17 6 819 420 112 220 -1 -1 -1 -1 
17 7 748 212 73 180 -1 -1 -1 -1 
17 8 836 508 148 167 -1 -1 -1 -1 
17 10 902 67 61 159 -1 -1 -1 -1 
17 11 1463 21 85 153 -1 -1 -1 -1 
17 12 202 230 109 272 -1 -1 -1 -1 
17 13 1397 0 50 106 -1 -1 -1 -1 
17 14 1006 0 51 118 -1 -1 -1 -1 
17 15 1142 0 40 81 -1 -1 -1 -1 
17 16 646 946 197 133 -1 -1 -1 -1 
17 19 1249 633 119 172 -1 -1 -1 -1 
17 21 618 78 81 115 -1 -1 -1 -1 
17 22 1327 0 24 40 -1 -1 -1 -1 
17 24 329 214 73 197 -1 -1 -1 -1 
18 1 165 859 100 218 -1 -1 -1 -1 
18 2 1608 657 118 256 -1 -1 -1 -1 
18 3 842 221 59 184 -1 -1 -1 -1 
18 4 1647 104 64 163 -1 -1 -1 -1 
18 5 1814 170 74 165 -1 -1 -1 -1 
18 6 814 420 114 226 -1 -1 -1 -1 
18 7 751 209 72 178 -1 -1 -1 -1 
18 8 831 506 151 173 -1 -1 -1 -1 
18 10 904 67 61 157 -1 -1 -1 -1 
18 11 1465 21 84 153 -1 -1 -1 -1 
18 12 199 233 106 273 -1 -1 -1 -1 
18 13 1401 0 50 107 -1 -1 -1 -1 
18 14 1007 0 50 117 -1 -1 -1 -1 
18 15 1141 0 40 81 -1 -1 -1 -1 
18 16 651 941 198 138 -1 -1 -1 -1 
18 19 1249 633 119 172 -1 -1 -1 -1 
18 21 617 78 82 115 -1 -1 -1 -1 
18 22 1328 0 24 39 -1 -1 -1 -1 
18 24 334 217 72 192 -1 -1 -1 -1 
18 32 14 278 68 158 -1 -1 -1 -1 
19 1 159 865 98 213 -1 -1 -1 -1 
19 2 1609 660 119 254 -1 -1 -1 -1 
19 3 844 220 60 184 -1 -1 -1 -1 
19 4 1646 103 65 165 -1 -1 -1 -1 
19 5 1820 168 73 165 -1 -1 -1 -1 
19 6 810 420 116 231 -1 -1 -1 -1 
19 7 754 206 73 179 -1 -1 -1 -1 
19 8 826 508 150 174 -1 -1 -1 -1 
19 10 909 69 59 153 -1 -1 -1 -1 
19 11 1465 20 84 153 -1 -1 -1 -1 
19 12 206 286 87 225 -1 -1 -1 -1 
19 13 1405 0 50 107 -1 -1 -1 -1 
19 14 1008 0 51 117 -1 -1 -1 -1 
19 15 1141 0 40 81 -1 -1 -1 -1 
19 16 654 936 201 143 -1 -1 -1 -1 
19 17 1397 13 64 103 -1 -1 -1 -1 
19 19 1249 633 119 172 -1 -1 -1 -1 
19 21 617 78 83 115 -1 -1 -1 -1 
19 22 1330 0 24 38 -1 -1 -1 -1 
19 24 339 222 70 186 -1 -1 -1 -1 
19 32 19 280 68 156 -1 -1 -1 -1 
19 33 1766 616 70 131 -1 -1 -1 -1 
20 1 154 871 97 208 -1 -1 -1 -1 
20 2 1611 662 119 254 -1 -1 -1 -1 
20 3 848 219 59 185 -1 -1 -1 -1 
20 4 1645 104 65 164 -1 -1 -1 -1 
20 5 1827 167 71 166 -1 -1 -1 -1 
20 6 808 422 113 228 -1 -1 -1 -1 
20 7 757 203 72 181 -1 -1 -1 -1 
20 8 822 512 149 172 -1 -1 -1 -1 
20 10 911 71 58 149 -1 -1 -1 -1 
20 11 1466 21 83 152 -1 -1 -1 -1 
20 12 204 306 81 211 -1 -1 -1 -1 
20 13 1409 0 50 106 -1 -1 -1 -1 
20 14 1008 0 51 116 -1 -1 -1 -1 
20 15 1140 0 41 82 -1 -1 -1 -1 
20 16 659 930 203 149 -1 -1 -1 -1 
20 17 1399 8 66 106 -1 -1 -1 -1 
20 18 1472 24 74 149 -1 -1 -1 -1 
20 19 1248 633 120 172 -1 -1 -1 -1 
20 21 617 77 83 117 -1 -1 -1 -1 
20 22 1331 0 24 38 -1 -1 -1 -1 
20 24 339 203 76 205 -1 -1 -1 -1 
20 32 20 280 68 155 -1 -1 -1 -1 
20 33 1765 617 72 135 -1 -1 -1 -1 
21 1 152 874 97 205 -1 -1 -1 -1 
21 2 1611 663 119 254 -1 -1 -1 -1 
21 3 849 219 59 185 -1 -1 -1 -1 
21 4 1645 103 65 165 -1 -1 -1 -1 
21 5 1830 166 69 167 -1 -1 -1 -1 
21 6 807 423 112 225 -1 -1 -1 -1 
21 7 758 202 72 182 -1 -1 -1 -1 
21 8 821 513 148 172 -1 -1 -1 -1 
21 10 912 72 58 147 -1 -1 -1 -1 
21 11 1467 21 82 151 -1 -1 -1 -1 
21 12 203 311 80 208 -1 -1 -1 -1 
21 13 1410 0 50 106 -1 -1 -1 -1 
21 14 1009 0 50 115 -1 -1 -1 -1 
21 15 1140 0 41 82 -1 -1 -1 -1 
21 16 663 928 199 151 -1 -1 -1 -1 
21 18 1472 25 75 148 -1 -1 -1 -1 
21 19 1248 633 120 172 -1 -1 -1 -1 
21 21 617 77 83 117 -1 -1 -1 -1 
21 22 1331 0 24 38 -1 -1 -1 -1 
21 24 339 197 78 211 -1 -1 -1 -1 
21 32 21 280 68 155 -1 -1 -1 -1 
21 33 1765 617 72 137 -1 -1 -1 -1 
22 1 148 879 97 200 -1 -1 -1 -1 
22 2 1613 664 121 258 -1 -1 -1 -1 
22 3 852 220 58 185 -1 -1 -1 -1 
22 4 1645 104 64 163 -1 -1 -1 -1 
22 5 1833 166 68 169 -1 -1 -1 -1 
22 6 805 424 110 224 -1 -1 -1 -1 
22 7 760 201 71 182 -1 -1 -1 -1 
22 8 815 513 149 175 -1 -1 -1 -1 
22 10 915 73 57 144 -1 -1 -1 -1 
22 11 1467 21 82 151 -1 -1 -1 -1 
22 12 201 324 77 197 -1 -1 -1 -1 
22 13 1414 0 49 104 -1 -1 -1 -1 
22 14 1010 0 50 115 -1 -1 -1 -1 
22 15 1139 0 42 83 -1 -1 -1 -1 
22 16 665 925 198 154 -1 -1 -1 -1 
22 17 1410 15 58 94 -1 -1 -1 -1 
22 18 1471 26 76 147 -1 -1 -1 -1 
22 19 1248 632 121 173 -1 -1 -1 -1 
22 21 617 76 83 117 -1 -1 -1 -1 
22 22 1331 0 25 38 -1 -1 -1 -1 
22 24 340 178 83 228 -1 -1 -1 -1 
22 32 21 280 68 156 -1 -1 -1 -1 
22 33 1763 618 75 143 -1 -1 -1 -1 
23 1 144 887 94 192 -1 -1 -1 -1 
23 2 1613 668 124 265 -1 -1 -1 -1 
23 3 854 221 57 181 -1 -1 -1 -1 
23 4 1644 104 64 163 -1 -1 -1 -1 
23 5 1835 165 68 170 -1 -1 -1 -1 
23 6 801 430 112 228 -1 -1 -1 -1 
23 7 763 201 71 182 -1 -1 -1 -1 
23 8 813 519 147 172 -1 -1 -1 -1 
23 10 918 71 59 144 -1 -1 -1 -1 
23 11 1468 20 83 153 -1 -1 -1 -1 
23 12 197 330 76 194 -1 -1 -1 -1 
23 13 1417 0 49 103 -1 -1 -1 -1 
23 14 1011 0 51 114 -1 -1 -1 -1 
23 15 1138 0 42 85 -1 -1 -1 -1 
23 16 668 922 196 157 -1 -1 -1 -1 
23 17 1414 14 56 93 -1 -1 -1 -1 
23 18 1471 22 78 150 -1 -1 -1 -1 
23 19 1248 632 120 172 -1 -1 -1 -1 
23 21 617 76 83 117 -1 -1 -1 -1 
23 22 1331 0 25 38 -1 -1 -1 -1 
23 24 344 177 81 225 -1 -1 -1 -1 
23 32 21 280 68 156 -1 -1 -1 -1 
23 33 1760 620 77 145 -1 -1 -1 -1 
24 1 137 894 93 185 -1 -1 -1 -1 
24 2 1614 672 126 271 -1 -1 -1 -1 
24 3 856 218 57 181 -1 -1 -1 -1 
24 4 1643 102 65 163 -1 -1 -1 -1 
24 6 799 433 116 235 -1 -1 -1 -1 
24 7 768 201 70 182 -1 -1 -1 -1 
24 8 810 525 145 169 -1 -1 -1 -1 
24 10 922 69 59 145 -1 -1 -1 -1 
24 11 1468 18 84 155 -1 -1 -1 -1 
24 12 189 333 77 193 -1 -1 -1 -1 
24 13 1420 0 49 102 -1 -1 -1 -1 
24 14 1012 0 51 113 -1 -1 -1 -1 
24 15 1137 0 43 86 -1 -1 -1 -1 
24 16 671 917 197 162 -1 -1 -1 -1 
24 17 1417 11 55 94 -1 -1 -1 -1 
24 18 1470 19 79 152 -1 -1 -1 -1 
24 19 1248 632 120 173 -1 -1 -1 -1 
24 22 1332 0 24 38 -1 -1 -1 -1 
24 24 350 192 74 206 -1 -1 -1 -1 
24 32 21 280 68 156 -1 -1 -1 -1 
24 33 1758 624 77 144 -1 -1 -1 -1 
25 1 128 901 92 177 -1 -1 -1 -1 
25 2 1613 672 129 276 -1 -1 -1 -1 
25 3 859 217 56 175 -1 -1 -1 -1 
25 4 1644 101 63 160 -1 -1 -1 -1 
25 6 795 439 114 229 -1 -1 -1 -1 
25 7 773 202 70 180 -1 -1 -1 -1 
25 8 807 531 142 167 -1 -1 -1 -1 
25 10 925 67 60 147 -1 -1 -1 -1 
25 11 1470 18 83 153 -1 -1 -1 -1 
25 12 183 334 76 195 -1 -1 -1 -1 
25 13 1423 0 49 101 -1 -1 -1 -1 
25 14 1014 0 50 112 -1 -1 -1 -1 
25 15 1136 0 43 87 -1 -1 -1 -1 
25 16 676 912 197 166 -1 -1 -1 -1 
25 17 1422 16 51 88 -1 -1 -1 -1 
25 18 1471 16 81 154 -1 -1 -1 -1 
25 19 1248 631 120 173 -1 -1 -1 -1 
25 22 1332 0 24 37 -1 -1 -1 -1 
25 24 353 193 72 200 -1 -1 -1 -1 
25 32 22 280 68 156 -1 -1 -1 -1 
25 33 1756 630 74 139 -1 -1 -1 -1 
26 1 119 908 91 171 -1 -1 -1 -1 
26 2 1613 681 130 281 -1 -1 -1 -1 
26 3 862 215 55 173 -1 -1 -1 -1 
26 4 1644 100 63 157 -1 -1 -1 -1 
26 6 793 444 111 222 -1 -1 -1 -1 
26 7 777 203 69 177 -1 -1 -1 -1 
26 8 803 535 142 165 -1 -1 -1 -1 
26 10 929 69 60 146 -1 -1 -1 -1 
26 11 1471 18 83 153 -1 -1 -1 -1 
26 12 178 338 74 190 -1 -1 -1 -1 
26 13 1427 0 47 100 -1 -1 -1 -1 
26 14 1015 0 50 112 -1 -1 -1 -1 
26 15 1135 0 44 88 -1 -1 -1 -1 
26 16 683 907 196 171 -1 -1 -1 -1 
26 17 1426 17 49 85 -1 -1 -1 -1 
26 18 1472 14 81 155 -1 -1 -1 -1 
26 19 1248 631 120 174 -1 -1 -1 -1 
26 24 355 190 73 200 -1 -1 -1 -1 
26 32 22 280 67 156 -1 -1 -1 -1 
26 33 1754 637 70 131 -1 -1 -1 -1 
27 1 116 910 91 169 -1 -1 -1 -1 
27 2 1613 684 130 283 -1 -1 -1 -1 
27 3 863 214 54 172 -1 -1 -1 -1 
27 4 1644 99 62 157 -1 -1 -1 -1 
27 6 791 446 111 219 -1 -1 -1 -1 
27 7 778 203 69 177 -1 -1 -1 -1 
27 8 801 536 142 164 -1 -1 -1 -1 
27 10 929 71 60 144 -1 -1 -1 -1 
27 12 176 339 73 187 -1 -1 -1 -1 
27 13 1428 0 47 99 -1 -1 -1 -1 
27 14 1015 0 50 111 -1 -1 -1 -1 
27 15 1134 0 44 89 -1 -1 -1 -1 
27 16 687 905 193 173 -1 -1 -1 -1 
27 17 1427 18 48 84 -1 -1 -1 -1 
27 18 1473 13 81 156 -1 -1 -1 -1 
27 19 1248 631 120 173 -1 -1 -1 -1 
27 24 356 188 73 200 -1 -1 -1 -1 
27 32 22 281 67 155 -1 -1 -1 -1 
27 33 1754 640 68 127 -1 -1 -1 -1 
28 1 109 915 91 164 -1 -1 -1 -1 
28 2 1613 688 132 286 -1 -1 -1 -1 
28 3 864 211 55 174 -1 -1 -1 -1 
28 4 1645 98 61 155 -1 -1 -1 -1 
28 6 789 447 111 218 -1 -1 -1 -1 
28 7 779 204 70 177 -1 -1 -1 -1 
28 8 798 537 144 166 -1 -1 -1 -1 
28 10 930 71 60 143 -1 -1 -1 -1 
28 11 1471 12 84 157 -1 -1 -1 -1 
28 12 172 340 72 187 -1 -1 -1 -1 
28 13 1433 0 45 93 -1 -1 -1 -1 
28 14 1017 0 50 111 -1 -1 -1 -1 
28 15 1134 0 44 90 -1 -1 -1 -1 
28 16 691 902 191 176 -1 -1 -1 -1 
28 17 1430 18 47 82 -1 -1 -1 -1 
28 18 1474 14 80 154 -1 -1 -1 -1 
28 19 1248 631 120 174 -1 -1 -1 -1 
28 24 356 187 74 201 -1 -1 -1 -1 
28 33 1753 643 71 131 -1 -1 -1 -1 
29 1 100 920 91 159 -1 -1 -1 -1 
29 2 1614 692 133 286 -1 -1 -1 -1 
29 3 865 208 56 175 -1 -1 -1 -1 
29 4 1644 96 63 156 -1 -1 -1 -1 
29 6 788 449 106 204 -1 -1 -1 -1 
29 7 783 201 71 179 -1 -1 -1 -1 
29 8 794 540 145 165 -1 -1 -1 -1 
29 10 932 72 59 141 -1 -1 -1 -1 
29 11 1471 10 84 157 -1 -1 -1 -1 
29 12 168 342 70 182 -1 -1 -1 -1 
29 13 1436 0 44 91 -1 -1 -1 -1 
29 14 1018 0 50 111 -1 -1 -1 -1 
29 15 1133 0 44 91 -1 -1 -1 -1 
29 16 694 899 189 179 -1 -1 -1 -1 
29 17 1433 17 47 81 -1 -1 -1 -1 
29 18 1475 14 80 154 -1 -1 -1 -1 
29 19 1248 632 120 173 -1 -1 -1 -1 
29 24 358 185 75 202 -1 -1 -1 -1 
29 32 22 281 67 155 -1 -1 -1 -1 
29 33 1751 646 74 137 -1 -1 -1 -1 
30 1 91 922 91 157 -1 -1 -1 -1 
30 2 1616 697 130 280 -1 -1 -1 -1 
30 3 868 208 55 174 -1 -1 -1 -1 
30 4 1644 95 63 157 -1 -1 -1 -1 
30 6 785 450 105 201 -1 -1 -1 -1 
30 7 785 199 71 178 -1 -1 -1 -1 
30 8 790 539 148 170 -1 -1 -1 -1 
30 10 934 73 58 140 -1 -1 -1 -1 
30 11 1472 9 84 157 -1 -1 -1 -1 
30 12 162 343 72 187 -1 -1 -1 -1 
30 14 1019 0 51 112 -1 -1 -1 -1 
30 15 1131 0 45 92 -1 -1 -1 -1 
30 16 703 897 186 180 -1 -1 -1 -1 
30 18 1475 10 81 157 -1 -1 -1 -1 
30 19 1248 632 120 173 -1 -1 -1 -1 
30 24 359 181 78 206 -1 -1 -1 -1 
30 32 22 281 67 155 -1 -1 -1 -1 
30 33 1746 647 79 147 -1 -1 -1 -1 
31 1 80 925 91 154 -1 -1 -1 -1 
31 2 1616 700 129 278 -1 -1 -1 -1 
31 3 870 207 56 175 -1 -1 -1 -1 
31 4 1645 95 62 156 -1 -1 -1 -1 
31 6 781 453 106 200 -1 -1 -1 -1 
31 7 787 197 71 176 -1 -1 -1 -1 
31 8 789 541 146 169 -1 -1 -1 -1 
31 10 935 73 58 139 -1 -1 -1 -1 
31 11 1481 24 75 142 -1 -1 -1 -1 
31 12 157 345 75 190 -1 -1 -1 -1 
31 14 1020 0 51 113 -1 -1 -1 -1 
31 15 1131 0 44 93 -1 -1 -1 -1 
31 16 706 889 188 188 -1 -1 -1 -1 
31 18 1476 6 80 157 -1 -1 -1 -1 
31 19 1248 632 120 173 -1 -1 -1 -1 
31 24 364 183 80 202 -1 -1 -1 -1 
31 32 22 281 67 155 -1 -1 -1 -1 
31 33 1744 649 80 153 -1 -1 -1 -1 
32 1 70 930 91 149 -1 -1 -1 -1 
32 2 1617 703 129 276 -1 -1 -1 -1 
32 3 874 205 57 176 -1 -1 -1 -1 
32 4 1645 94 62 156 -1 -1 -1 -1 
32 6 776 455 107 200 -1 -1 -1 -1 
32 7 791 194 70 175 -1 -1 -1 -1 
32 8 784 544 147 171 -1 -1 -1 -1 
32 10 936 72 60 141 -1 -1 -1 -1 
32 11 1482 24 75 141 -1 -1 -1 -1 
32 12 151 341 78 197 -1 -1 -1 -1 
32 14 1021 0 52 113 -1 -1 -1 -1 
32 15 1129 0 45 93 -1 -1 -1 -1 
32 16 710 884 189 194 -1 -1 -1 -1 
32 18 1474 4 82 158 -1 -1 -1 -1 
32 19 1248 632 120 173 -1 -1 -1 -1 
32 24 369 186 81 198 -1 -1 -1 -1 
32 33 1741 650 82 157 -1 -1 -1 -1 
33 1 67 931 91 148 -1 -1 -1 -1 
33 2 1617 704 129 274 -1 -1 -1 -1 
33 3 876 205 57 176 -1 -1 -1 -1 
33 4 1645 94 62 156 -1 -1 -1 -1 
33 6 773 456 108 200 -1 -1 -1 -1 
33 7 792 193 70 174 -1 -1 -1 -1 
33 8 783 545 147 172 -1 -1 -1 -1 
33 10 936 71 60 142 -1 -1 -1 -1 
33 12 148 339 80 200 -1 -1 -1 -1 
33 14 1022 0 51 113 -1 -1 -1 -1 
33 15 1129 0 45 93 -1 -1 -1 -1 
33 16 714 882 185 196 -1 -1 -1 -1 
33 18 1474 4 82 157 -1 -1 -1 -1 
33 19 1248 631 120 174 -1 -1 -1 -1 
33 24 370 187 83 197 -1 -1 -1 -1 
33 33 1741 651 81 158 -1 -1 -1 -1 
34 1 60 935 92 144 -1 -1 -1 -1 
34 2 1618 705 128 273 -1 -1 -1 -1 
34 3 879 205 58 175 -1 -1 -1 -1 
34 4 1645 94 62 155 -1 -1 -1 -1 
34 6 769 458 110 204 -1 -1 -1 -1 
34 7 795 191 71 177 -1 -1 -1 -1 
34 8 780 546 148 175 -1 -1 -1 -1 
34 10 937 69 62 145 -1 -1 -1 -1 
34 12 146 343 82 202 -1 -1 -1 -1 
34 14 1023 0 50 112 -1 -1 -1 -1 
34 15 1129 0 43 92 -1 -1 -1 -1 
34 16 718 880 183 197 -1 -1 -1 -1 
34 18 1475 5 82 157 -1 -1 -1 -1 
34 19 1248 632 120 173 -1 -1 -1 -1 
34 22 1337 0 21 34 -1 -1 -1 -1 
34 24 375 191 82 192 -1 -1 -1 -1 
34 33 1739 651 83 163 -1 -1 -1 -1 
35 1 55 943 89 136 -1 -1 -1 -1 
35 2 1619 707 129 272 -1 -1 -1 -1 
35 3 882 207 57 172 -1 -1 -1 -1 
35 4 1645 94 62 154 -1 -1 -1 -1 
35 6 763 458 115 215 -1 -1 -1 -1 
35 7 797 189 70 177 -1 -1 -1 -1 
35 8 774 548 148 175 -1 -1 -1 -1 
35 10 938 63 63 149 -1 -1 -1 -1 
35 12 142 341 85 208 -1 -1 -1 -1 
35 14 1024 0 50 111 -1 -1 -1 -1 
35 15 1128 0 43 91 -1 -1 -1 -1 
35 16 722 877 180 200 -1 -1 -1 -1 
35 18 1473 4 83 157 -1 -1 -1 -1 
35 19 1248 632 120 173 -1 -1 -1 -1 
35 22 1337 0 22 33 -1 -1 -1 -1 
35 24 380 198 80 184 -1 -1 -1 -1 
35 33 1737 653 84 166 -1 -1 -1 -1 
36 1 47 949 87 128 -1 -1 -1 -1 
36 2 1622 710 126 268 -1 -1 -1 -1 
36 3 884 206 58 172 -1 -1 -1 -1 
36 4 1646 94 62 153 -1 -1 -1 -1 
36 6 758 459 117 220 -1 -1 -1 -1 
36 7 799 188 70 176 -1 -1 -1 -1 
36 8 767 550 149 176 -1 -1 -1 -1 
36 10 940 61 63 150 -1 -1 -1 -1 
36 12 134 352 84 199 -1 -1 -1 -1 
36 14 1025 0 49 108 -1 -1 -1 -1 
36 15 1127 0 43 92 -1 -1 -1 -1 
36 16 723 873 181 206 -1 -1 -1 -1 
36 18 1472 4 84 157 -1 -1 -1 -1 
36 19 1248 632 120 173 -1 -1 -1 -1 
36 22 1338 0 21 32 -1 -1 -1 -1 
36 24 385 207 77 174 -1 -1 -1 -1 
36 33 1735 656 85 169 -1 -1 -1 -1 
37 1 40 956 85 121 -1 -1 -1 -1 
37 2 1622 717 126 265 -1 -1 -1 -1 
37 3 887 203 59 174 -1 -1 -1 -1 
37 4 1646 94 62 154 -1 -1 -1 -1 
37 6 751 461 122 230 -1 -1 -1 -1 
37 7 803 189 68 173 -1 -1 -1 -1 
37 8 760 552 150 178 -1 -1 -1 -1 
37 10 941 58 63 152 -1 -1 -1 -1 
37 12 122 357 82 197 -1 -1 -1 -1 
37 14 1027 0 47 106 -1 -1 -1 -1 
37 15 1125 0 44 94 -1 -1 -1 -1 
37 16 724 867 182 212 -1 -1 -1 -1 
37 18 1473 2 84 158 -1 -1 -1 -1 
37 19 1248 633 120 172 -1 -1 -1 -1 
37 22 1339 0 21 31 -1 -1 -1 -1 
37 24 390 206 76 172 -1 -1 -1 -1 
37 33 1733 660 85 169 -1 -1 -1 -1 
38 1 31 967 81 112 -1 -1 -1 -1 
38 2 1625 724 123 259 -1 -1 -1 -1 
38 3 890 198 59 178 -1 -1 -1 -1 
38 4 1647 93 62 155 -1 -1 -1 -1 
38 6 746 465 122 231 -1 -1 -1 -1 
38 7 807 188 68 172 -1 -1 -1 -1 
38 8 754 556 150 177 -1 -1 -1 -1 
38 10 942 56 63 154 -1 -1 -1 -1 
38 12 113 363 79 193 -1 -1 -1 -1 
38 14 1027 0 48 105 -1 -1 -1 -1 
38 15 1122 0 45 98 -1 -1 -1 -1 
38 16 730 862 182 216 -1 -1 -1 -1 
38 18 1475 1 83 158 -1 -1 -1 -1 
38 19 1248 633 120 171 -1 -1 -1 -1 
38 22 1340 0 20 30 -1 -1 -1 -1 
38 24 393 204 76 173 -1 -1 -1 -1 
38 33 1732 665 83 169 -1 -1 -1 -1 
39 1 27 971 81 108 -1 -1 -1 -1 
39 2 1626 726 122 257 -1 -1 -1 -1 
39 3 891 197 60 178 -1 -1 -1 -1 
39 4 1647 92 63 156 -1 -1 -1 -1 
39 6 744 467 122 231 -1 -1 -1 -1 
39 7 809 188 67 172 -1 -1 -1 -1 
39 8 752 558 150 175 -1 -1 -1 -1 
39 10 943 55 63 155 -1 -1 -1 -1 
39 12 110 365 78 191 -1 -1 -1 -1 
39 14 1028 0 47 105 -1 -1 -1 -1 
39 15 1121 0 45 99 -1 -1 -1 -1 
39 16 734 860 179 218 -1 -1 -1 -1 
39 18 1475 1 84 157 -1 -1 -1 -1 
39 19 1248 633 120 172 -1 -1 -1 -1 
39 22 1340 0 20 29 -1 -1 -1 -1 
39 24 394 203 76 173 -1 -1 -1 -1 
39 33 1732 667 82 168 -1 -1 -1 -1 
40 1 22 979 78 100 -1 -1 -1 -1 
40 2 1629 732 119 252 -1 -1 -1 -1 
40 3 893 193 60 183 -1 -1 -1 -1 
40 4 1646 90 63 155 -1 -1 -1 -1 
40 6 741 471 122 232 -1 -1 -1 -1 
40 7 811 188 68 172 -1 -1 -1 -1 
40 8 748 561 151 175 -1 -1 -1 -1 
40 10 945 58 61 152 -1 -1 -1 -1 
40 12 106 362 78 194 -1 -1 -1 -1 
40 14 1029 0 48 105 -1 -1 -1 -1 
40 15 1120 0 44 97 -1 -1 -1 -1 
40 16 737 858 177 218 -1 -1 -1 -1 
40 18 1477 0 82 155 -1 -1 -1 -1 
40 19 1247 632 121 173 -1 -1 -1 -1 
40 22 1341 0 20 29 -1 -1 -1 -1 
40 24 397 204 74 169 -1 -1 -1 -1 
40 33 1732 673 76 156 -1 -1 -1 -1 
41 1 15 987 76 92 -1 -1 -1 -1 
41 2 1633 739 117 245 -1 -1 -1 -1 
41 3 895 190 61 185 -1 -1 -1 -1 
41 4 1647 88 63 157 -1 -1 -1 -1 
41 6 739 475 118 226 -1 -1 -1 -1 
41 7 813 187 69 172 -1 -1 -1 -1 
41 8 744 563 153 176 -1 -1 -1 -1 
41 10 946 54 61 157 -1 -1 -1 -1 
41 12 102 361 77 191 -1 -1 -1 -1 
41 14 1030 0 48 103 -1 -1 -1 -1 
41 15 1118 0 44 98 -1 -1 -1 -1 
41 16 742 855 175 221 -1 -1 -1 -1 
41 18 1477 1 81 151 -1 -1 -1 -1 
41 19 1247 632 122 173 -1 -1 -1 -1 
41 24 400 202 73 170 -1 -1 -1 -1 
41 33 1731 677 73 151 -1 -1 -1 -1 
42 1 9 994 70 85 -1 -1 -1 -1 
42 2 1637 744 115 242 -1 -1 -1 -1 
42 3 899 190 59 182 -1 -1 -1 -1 
42 4 1647 86 64 156 -1 -1 -1 -1 
42 6 734 477 117 224 -1 -1 -1 -1 
42 7 816 187 69 173 -1 -1 -1 -1 
42 8 741 565 155 179 -1 -1 -1 -1 
42 10 948 53 60 155 -1 -1 -1 -1 
42 12 95 358 78 196 -1 -1 -1 -1 
42 14 1032 0 47 102 -1 -1 -1 -1 
42 15 1116 0 44 98 -1 -1 -1 -1 
42 16 744 849 176 227 -1 -1 -1 -1 
42 18 1479 0 80 149 -1 -1 -1 -1 
42 19 1247 632 122 173 -1 -1 -1 -1 
42 24 404 202 72 168 -1 -1 -1 -1 
42 32 23 281 66 154 -1 -1 -1 -1 
42 33 1730 682 70 144 -1 -1 -1 -1 
43 1 4 1000 67 79 -1 -1 -1 -1 
43 2 1639 748 114 238 -1 -1 -1 -1 
43 3 902 191 58 178 -1 -1 -1 -1 
43 4 1648 85 64 156 -1 -1 -1 -1 
43 6 729 480 121 232 -1 -1 -1 -1 
43 7 819 186 70 174 -1 -1 -1 -1 
43 8 740 571 153 176 -1 -1 -1 -1 
43 10 951 48 60 158 -1 -1 -1 -1 
43 12 90 362 77 197 -1 -1 -1 -1 
43 14 1033 0 47 101 -1 -1 -1 -1 
43 15 1115 0 44 98 -1 -1 -1 -1 
43 16 746 843 177 233 -1 -1 -1 -1 
43 18 1481 0 79 148 -1 -1 -1 -1 
43 19 1247 631 122 174 -1 -1 -1 -1 
43 24 406 196 75 176 -1 -1 -1 -1 
43 32 23 281 67 156 -1 -1 -1 -1 
43 33 1728 686 69 143 -1 -1 -1 -1 
44 1 0 1006 60 73 -1 -1 -1 -1 
44 2 1641 753 114 236 -1 -1 -1 -1 
44 3 905 193 56 175 -1 -1 -1 -1 
44 4 1649 84 63 155 -1 -1 -1 -1 
44 6 725 485 116 222 -1 -1 -1 -1 
44 7 823 184 70 175 -1 -1 -1 -1 
44 8 738 574 154 177 -1 -1 -1 -1 
44 10 954 47 59 157 -1 -1 -1 -1 
44 12 85 367 77 195 -1 -1 -1 -1 
44 14 1034 0 47 101 -1 -1 -1 -1 
44 15 1114 0 44 98 -1 -1 -1 -1 
44 16 749 837 178 239 -1 -1 -1 -1 
44 18 1483 0 78 145 -1 -1 -1 -1 
44 19 1247 631 122 174 -1 -1 -1 -1 
44 24 408 191 76 182 -1 -1 -1 -1 
44 32 22 281 68 157 -1 -1 -1 -1 
44 33 1727 689 67 142 -1 -1 -1 -1 
44 37 739 963 90 116 -1 -1 -1 -1 
45 1 0 1007 57 72 -1 -1 -1 -1 
45 2 1641 754 114 236 -1 -1 -1 -1 
45 3 906 194 56 174 -1 -1 -1 -1 
45 4 1649 83 64 155 -1 -1 -1 -1 
45 6 724 487 114 218 -1 -1 -1 -1 
45 7 825 183 70 175 -1 -1 -1 -1 
45 8 738 575 153 177 -1 -1 -1 -1 
45 10 956 47 58 156 -1 -1 -1 -1 
45 11 1502 68 52 87 -1 -1 -1 -1 
45 12 83 369 78 195 -1 -1 -1 -1 
45 14 1034 0 48 101 -1 -1 -1 -1 
45 15 1113 0 44 99 -1 -1 -1 -1 
45 16 752 834 176 242 -1 -1 -1 -1 
45 18 1483 0 79 144 -1 -1 -1 -1 
45 19 1247 631 122 174 -1 -1 -1 -1 
45 24 409 189 76 184 -1 -1 -1 -1 
45 32 22 281 68 157 -1 -1 -1 -1 
45 33 1726 691 67 141 -1 -1 -1 -1 
45 37 740 961 91 118 -1 -1 -1 -1 
46 1 0 1013 48 66 -1 -1 -1 -1 
46 2 1641 756 115 238 -1 -1 -1 -1 
46 3 908 195 54 171 -1 -1 -1 -1 
46 4 1649 82 64 155 -1 -1 -1 -1 
46 6 721 489 114 214 -1 -1 -1 -1 
46 7 828 181 69 172 -1 -1 -1 -1 
46 8 735 578 152 176 -1 -1 -1 -1 
46 10 958 45 59 156 -1 -1 -1 -1 
46 11 1501 67 55 87 -1 -1 -1 -1 
46 12 79 371 81 201 -1 -1 -1 -1 
46 14 1035 0 48 101 -1 -1 -1 -1 
46 15 1112 0 44 99 -1 -1 -1 -1 
46 16 756 831 174 244 -1 -1 -1 -1 
46 18 1485 0 78 144 -1 -1 -1 -1 
46 19 1247 631 122 174 -1 -1 -1 -1 
46 24 413 189 74 181 -1 -1 -1 -1 
46 32 17 278 70 161 -1 -1 -1 -1 
46 33 1725 692 66 140 -1 -1 -1 -1 
46 37 741 953 97 126 -1 -1 -1 -1 
47 2 1640 759 118 245 -1 -1 -1 -1 
47 3 911 194 54 171 -1 -1 -1 -1 
47 4 1649 81 64 155 -1 -1 -1 -1 
47 6 716 491 119 228 -1 -1 -1 -1 
47 7 831 178 68 170 -1 -1 -1 -1 
47 8 732 579 153 177 -1 -1 -1 -1 
47 10 960 43 59 157 -1 -1 -1 -1 
47 11 1503 70 53 84 -1 -1 -1 -1 
47 12 74 374 83 203 -1 -1 -1 -1 
47 14 1036 0 48 100 -1 -1 -1 -1 
47 15 1111 1 44 99 -1 -1 -1 -1 
47 16 760 828 173 247 -1 -1 -1 -1 
47 18 1484 0 79 144 -1 -1 -1 -1 
47 19 1247 631 122 173 -1 -1 -1 -1 
47 22 1341 0 20 28 -1 -1 -1 -1 
47 24 418 190 73 179 -1 -1 -1 -1 
47 32 16 278 71 161 -1 -1 -1 -1 
47 33 1724 693 65 137 -1 -1 -1 -1 
47 37 742 947 100 132 -1 -1 -1 -1 
48 2 1640 761 121 253 -1 -1 -1 -1 
48 3 914 191 55 172 -1 -1 -1 -1 
48 4 1650 79 64 155 -1 -1 -1 -1 
48 6 707 490 127 242 -1 -1 -1 -1 
48 7 834 175 68 171 -1 -1 -1 -1 
48 8 721 575 157 185 -1 -1 -1 -1 
48 10 961 42 60 157 -1 -1 -1 -1 
48 12 68 374 85 206 -1 -1 -1 -1 
48 14 1036 0 49 100 -1 -1 -1 -1 
48 15 1109 1 45 101 -1 -1 -1 -1 
48 16 770 824 172 252 -1 -1 -1 -1 
48 18 1485 0 78 143 -1 -1 -1 -1 
48 19 1247 631 122 174 -1 -1 -1 -1 
48 21 617 78 83 115 -1 -1 -1 -1 
48 22 1341 0 21 28 -1 -1 -1 -1 
48 24 421 191 73 177 -1 -1 -1 -1 
48 33 1723 696 62 132 -1 -1 -1 -1 
48 37 746 942 103 137 -1 -1 -1 -1 
49 2 1640 765 122 258 -1 -1 -1 -1 
49 3 916 189 55 171 -1 -1 -1 -1 
49 4 1651 78 63 154 -1 -1 -1 -1 
49 6 704 490 126 244 -1 -1 -1 -1 
49 7 836 172 69 174 -1 -1 -1 -1 
49 8 716 577 158 186 -1 -1 -1 -1 
49 10 963 44 59 155 -1 -1 -1 -1 
49 12 61 379 84 202 -1 -1 -1 -1 
49 14 1037 0 49 100 -1 -1 -1 -1 
49 15 1108 1 45 102 -1 -1 -1 -1 
49 16 775 821 169 254 -1 -1 -1 -1 
49 18 1486 1 78 141 -1 -1 -1 -1 
49 19 1247 631 122 174 -1 -1 -1 -1 
49 21 617 79 83 115 -1 -1 -1 -1 
49 22 1341 0 21 28 -1 -1 -1 -1 
49 24 424 190 73 177 -1 -1 -1 -1 
49 33 1721 700 62 131 -1 -1 -1 -1 
49 37 750 938 104 141 -1 -1 -1 -1 
50 2 1642 769 120 253 -1 -1 -1 -1 
50 3 918 191 53 168 -1 -1 -1 -1 
50 4 1650 77 65 156 -1 -1 -1 -1 
50 6 702 492 123 239 -1 -1 -1 -1 
50 7 838 169 69 177 -1 -1 -1 -1 
50 8 715 586 151 181 -1 -1 -1 -1 
50 10 965 46 59 153 -1 -1 -1 -1 
50 12 53 388 81 193 -1 -1 -1 -1 
50 14 1040 0 48 99 -1 -1 -1 -1 
50 15 1107 1 45 104 -1 -1 -1 -1 
50 16 776 817 168 258 -1 -1 -1 -1 
50 18 1487 0 79 142 -1 -1 -1 -1 
50 19 1247 631 122 174 -1 -1 -1 -1 
50 21 617 79 83 115 -1 -1 -1 -1 
50 22 1342 0 20 27 -1 -1 -1 -1 
50 24 427 187 73 180 -1 -1 -1 -1 
50 33 1717 704 61 126 -1 -1 -1 -1 
50 37 751 934 105 145 -1 -1 -1 -1 
51 2 1642 771 119 251 -1 -1 -1 -1 
51 3 919 192 53 166 -1 -1 -1 -1 
51 4 1650 77 65 155 -1 -1 -1 -1 
51 6 701 494 121 236 -1 -1 -1 -1 
51 7 839 167 70 180 -1 -1 -1 -1 
51 8 714 590 149 179 -1 -1 -1 -1 
51 10 966 47 58 152 -1 -1 -1 -1 
51 12 50 390 80 191 -1 -1 -1 -1 
51 14 1040 0 49 98 -1 -1 -1 -1 
51 15 1107 1 45 105 -1 -1 -1 -1 
51 16 777 815 167 260 -1 -1 -1 -1 
51 18 1487 0 79 142 -1 -1 -1 -1 
51 19 1247 631 122 174 -1 -1 -1 -1 
51 21 618 79 82 115 -1 -1 -1 -1 
51 22 1343 0 20 26 -1 -1 -1 -1 
51 24 428 186 73 181 -1 -1 -1 -1 
51 33 1715 705 62 126 -1 -1 -1 -1 
51 37 752 933 104 146 -1 -1 -1 -1 
52 2 1643 774 117 245 -1 -1 -1 -1 
52 3 921 190 52 165 -1 -1 -1 -1 
52 4 1650 77 65 155 -1 -1 -1 -1 
52 6 698 497 122 236 -1 -1 -1 -1 
52 7 841 166 71 182 -1 -1 -1 -1 
52 8 713 592 149 180 -1 -1 -1 -1 
52 10 968 47 58 151 -1 -1 -1 -1 
52 12 44 392 79 188 -1 -1 -1 -1 
52 14 1041 0 50 98 -1 -1 -1 -1 
52 15 1105 1 45 105 -1 -1 -1 -1 
52 16 780 813 166 262 -1 -1 -1 -1 
52 18 1487 0 80 142 -1 -1 -1 -1 
52 19 1247 631 122 174 -1 -1 -1 -1 
52 21 618 79 82 115 -1 -1 -1 -1 
52 22 1343 0 20 26 -1 -1 -1 -1 
52 24 431 189 71 176 -1 -1 -1 -1 
52 33 1714 710 60 119 -1 -1 -1 -1 
52 37 754 930 105 149 -1 -1 -1 -1 
53 2 1644 783 113 237 -1 -1 -1 -1 
53 3 923 187 53 167 -1 -1 -1 -1 
53 4 1650 78 65 155 -1 -1 -1 -1 
53 6 696 499 118 230 -1 -1 -1 -1 
53 7 844 163 70 184 -1 -1 -1 -1 
53 8 709 594 149 180 -1 -1 -1 -1 
53 10 972 48 58 148 -1 -1 -1 -1 
53 11 1525 58 52 85 -1 -1 -1 -1 
53 12 39 395 77 183 -1 -1 -1 -1 
53 14 1044 0 49 98 -1 -1 -1 -1 
53 15 1105 1 44 104 -1 -1 -1 -1 
53 16 786 808 164 267 -1 -1 -1 -1 
53 18 1487 2 79 141 -1 -1 -1 -1 
53 19 1247 631 122 174 -1 -1 -1 -1 
53 24 433 188 71 176 -1 -1 -1 -1 
53 33 1712 715 60 116 -1 -1 -1 -1 
53 37 758 928 103 151 -1 -1 -1 -1 
54 2 1645 793 107 223 -1 -1 -1 -1 
54 3 926 185 52 166 -1 -1 -1 -1 
54 4 1650 77 64 155 -1 -1 -1 -1 
54 6 693 504 114 218 -1 -1 -1 -1 
54 7 848 164 69 181 -1 -1 -1 -1 
54 8 703 593 153 186 -1 -1 -1 -1 
54 10 977 48 57 147 -1 -1 -1 -1 
54 11 1525 57 52 85 -1 -1 -1 -1 
54 12 33 399 76 182 -1 -1 -1 -1 
54 14 1045 0 50 100 -1 -1 -1 -1 
54 15 1104 2 43 104 -1 -1 -1 -1 
54 16 792 804 161 268 -1 -1 -1 -1 
54 18 1488 2 80 141 -1 -1 -1 -1 
54 19 1247 631 122 173 -1 -1 -1 -1 
54 24 435 187 71 177 -1 -1 -1 -1 
54 33 1707 721 65 122 -1 -1 -1 -1 
54 37 762 922 104 156 -1 -1 -1 -1 
